<svg width="100%" height="100%" viewBox="0 0 61 108" fill="currentColor" xmlns="http://www.w3.org/2000/svg">
<g>
<path d="M18.0898 103.61L16.6798 99.24H14.4898C14.2598 99.24 14.0898 99.3 13.9598 99.43C13.8398 99.56 13.7798 99.75 13.7798 99.99V106.89H16.0198V102.2L17.4698 106.89H20.2598V99.24H18.0798V103.61H18.0898ZM33.5298 99.73C32.9898 99.3 32.1798 99.08 31.0898 99.08C29.9998 99.08 29.1798 99.3 28.6398 99.73C28.0998 100.16 27.8398 100.87 27.8398 101.85V104.28C27.8398 105.26 28.1098 105.96 28.6398 106.4C29.1798 106.83 29.9898 107.05 31.0898 107.05C32.1898 107.05 32.9898 106.83 33.5298 106.4C34.0698 105.96 34.3398 105.26 34.3398 104.28V101.85C34.3398 100.87 34.0698 100.16 33.5298 99.73ZM31.9698 104.55C31.9698 104.72 31.9398 104.86 31.8798 104.98C31.8198 105.1 31.7198 105.19 31.5898 105.25C31.4598 105.31 31.2898 105.34 31.0898 105.34C30.8898 105.34 30.7198 105.31 30.5898 105.25C30.4598 105.19 30.3698 105.1 30.3098 104.98C30.2398 104.86 30.2098 104.72 30.2098 104.55V101.59C30.2098 101.42 30.2398 101.27 30.3098 101.16C30.3798 101.05 30.4698 100.96 30.5898 100.89C30.7198 100.83 30.8798 100.79 31.0898 100.79C31.2998 100.79 31.4598 100.82 31.5898 100.89C31.7198 100.95 31.8198 101.04 31.8798 101.16C31.9398 101.28 31.9698 101.42 31.9698 101.58V104.54V104.55ZM8.74977 99.24C8.53977 99.24 8.35977 99.3 8.20977 99.42C8.06977 99.54 7.96977 99.7 7.90977 99.92L6.24977 106.9H8.64977L8.90977 105.63H10.7798L11.0298 106.9H13.4398L11.5998 99.25H8.73977L8.74977 99.24ZM9.23977 104L9.84977 100.95L10.4598 104H9.23977ZM7.21977 99.24L5.30977 106.89H2.74977C2.47977 106.89 2.25977 106.82 2.06977 106.67C1.87977 106.52 1.74977 106.32 1.68977 106.05L0.00976562 99.24H2.45977L3.65977 105.19L4.84977 99.24H7.23977H7.21977ZM24.9698 103.44H27.3398V104.25C27.3198 104.89 27.1898 105.41 26.9498 105.82C26.7098 106.23 26.3598 106.54 25.8798 106.74C25.3998 106.94 24.7998 107.04 24.0898 107.04C23.3798 107.04 22.7598 106.95 22.2798 106.77C21.7998 106.58 21.4398 106.29 21.1998 105.88C20.9598 105.47 20.8298 104.94 20.8298 104.29V101.84C20.8298 101.18 20.9498 100.65 21.1998 100.24C21.4398 99.84 21.7998 99.54 22.2798 99.36C22.7598 99.18 23.3598 99.08 24.0898 99.08C24.8198 99.08 25.3798 99.17 25.8498 99.36C26.3098 99.54 26.6598 99.82 26.8998 100.19C27.1298 100.56 27.2798 101.03 27.3198 101.59V101.93H24.9598V101.48C24.9398 101.26 24.8598 101.09 24.7198 100.98C24.5798 100.86 24.3698 100.8 24.0998 100.8C23.8898 100.8 23.7298 100.83 23.5998 100.9C23.4698 100.96 23.3798 101.05 23.3198 101.17C23.2498 101.29 23.2198 101.44 23.2198 101.61V104.47C23.2198 104.76 23.2898 104.98 23.4398 105.12C23.5798 105.26 23.8098 105.33 24.0998 105.33C24.2798 105.33 24.4398 105.3 24.5698 105.23C24.6998 105.17 24.7998 105.07 24.8698 104.94C24.9398 104.81 24.9798 104.65 24.9798 104.45V103.41L24.9698 103.44ZM60.2498 103.27C60.0298 103.16 59.7398 103.1 59.3898 103.1H59.0898C59.5798 103.1 59.9798 102.98 60.2898 102.73C60.5898 102.48 60.7498 102.07 60.7498 101.49V101.19C60.7498 100.72 60.6698 100.34 60.4998 100.05C60.3298 99.77 60.0598 99.56 59.6998 99.43C59.3398 99.3 58.8498 99.24 58.2498 99.24H54.5898V106.89H56.9398V104.28H58.0098C58.1098 104.28 58.1998 104.3 58.2698 104.33C58.3498 104.36 58.3998 104.42 58.4298 104.49C58.4598 104.56 58.4798 104.65 58.4798 104.76V106.37C58.4798 106.54 58.5198 106.66 58.6098 106.76C58.6998 106.85 58.8198 106.9 58.9798 106.9H60.8698V104.58C60.8698 104.26 60.8298 103.99 60.7298 103.77C60.6298 103.55 60.4698 103.39 60.2498 103.27ZM58.3098 102.21C58.3098 102.35 58.2698 102.45 58.1898 102.51C58.1098 102.57 57.9998 102.61 57.8498 102.61H56.9298V100.96H57.8498C57.9998 100.96 58.1198 101 58.1898 101.06C58.2698 101.13 58.3098 101.22 58.3098 101.34V102.21ZM38.7998 99.24H41.1498V104.44C41.1498 105.34 40.8798 106 40.3398 106.42C39.7998 106.84 39.0198 107.05 38.0098 107.05C36.9998 107.05 36.2198 106.84 35.6798 106.42C35.1398 106 34.8698 105.34 34.8698 104.44V99.24H37.2298V104.59C37.2298 104.77 37.2498 104.91 37.3198 105.02C37.3898 105.13 37.4798 105.2 37.5898 105.25C37.7098 105.3 37.8498 105.32 38.0298 105.32C38.2098 105.32 38.3298 105.29 38.4498 105.25C38.5698 105.2 38.6498 105.13 38.7198 105.02C38.7898 104.91 38.8198 104.77 38.8198 104.59V99.24H38.7998ZM49.7498 99.24H53.9898V101.1H51.1898V102.22H53.6098V103.94H51.1898V105.03H53.9898V106.89H48.8698V100.16C48.8698 99.87 48.9498 99.64 49.0998 99.48C49.2498 99.32 49.4698 99.24 49.7498 99.24ZM46.2398 99.24H48.6298L46.7198 106.89H44.1598C43.8898 106.89 43.6698 106.82 43.4798 106.67C43.2898 106.52 43.1598 106.32 43.0998 106.05L41.4198 99.24H43.8698L45.0698 105.19L46.2598 99.24H46.2398Z"/>
<path d="M59.0498 89.95C59.0498 89.95 59.0098 90.01 59.0098 90.05V90.41L60.2498 90.99L59.0098 91.57V91.93C59.0098 91.93 59.0198 92.01 59.0498 92.03C59.0798 92.06 59.1098 92.07 59.1498 92.07H60.5698V91.75H59.2598L60.5698 91.15V90.83L59.2598 90.23H60.5698V89.91H59.1498C59.1498 89.91 59.0698 89.91 59.0498 89.94V89.95Z"/>
<path d="M59.2598 92.92V92.27H59.0098V93.9H59.2598V93.25H60.5698V92.92H59.2598Z"/>
<path d="M40.1303 78.41L39.0703 82.11H41.2303L40.1303 78.42V78.41Z"/>
<path d="M60.88 15.22C60.88 6.82 54.07 0 45.66 0H15.22C6.81 0 0 6.81 0 15.22H15.22C6.81 15.22 0 22.03 0 30.43V45.65H24.27C24.27 45.59 24.26 45.51 24.26 45.49C24.26 45.44 24.25 45.14 24.26 45.12C24.26 45.12 24.4 45.12 24.41 45.12C24.44 45.09 24.33 44.87 24.58 44.93V44.64C24.58 44.64 24.44 44.64 24.43 44.64C24.41 44.62 24.43 44.2 24.41 44.18C24.41 44.18 24.27 44.18 24.26 44.18C24.26 44.18 24.26 44.02 24.26 44.01C24.26 44.01 24.12 44.01 24.11 44.01C24.1 44 24.11 43.71 24.09 43.7C24.09 43.7 23.97 43.7 23.94 43.7V43.41C23.94 43.41 23.8 43.41 23.79 43.41C23.79 43.41 23.79 43.25 23.79 43.24C23.79 43.24 23.68 43.25 23.64 43.24C23.6 43.21 23.64 43.09 23.62 43.08C23.62 43.08 23.48 43.08 23.47 43.08C23.46 43.07 23.47 42.78 23.45 42.77C23.45 42.77 23.33 42.77 23.3 42.77V42.31C23.06 42.36 23.16 42.17 23.13 42.14C23.13 42.14 22.99 42.14 22.98 42.14C22.98 42.14 22.98 42 22.98 41.99C22.97 41.98 22.85 42.01 22.82 41.97C22.76 41.89 22.91 41.79 22.66 41.82V41.67H22.81C22.83 41.5 22.81 41.49 22.66 41.5V41.19C22.66 41.19 22.52 41.19 22.51 41.19C22.5 41.18 22.51 40.89 22.49 40.88C22.49 40.88 22.37 40.88 22.34 40.88V39.79C22.34 39.79 22.2 39.79 22.19 39.79C22.16 39.76 22.19 39.33 22.17 39.31C22.17 39.31 22.05 39.31 22.04 39.31C22.02 39.29 22.02 38.76 22.02 38.68C21.99 38.68 21.88 38.68 21.87 38.68C21.85 38.66 21.87 38.07 21.85 38.05C21.85 38.05 21.73 38.05 21.7 38.05V37.11H21.55C21.52 37.01 21.55 36.36 21.53 36.34C21.53 36.34 21.38 36.35 21.38 36.31V35.71H21.23L21.21 34.14C21.21 34.14 21.06 34.14 21.06 34.11V32.72H20.91L20.89 31.32H20.74V31.01C20.74 31.01 20.57 31.03 20.57 30.98V30.68H20.42V30.22C20.42 30.22 20.28 30.22 20.27 30.22C20.24 30.19 20.27 29.76 20.25 29.74C20.25 29.74 20.13 29.74 20.1 29.74V29.28C20.1 29.28 19.96 29.28 19.95 29.28C19.93 29.26 19.93 28.86 19.93 28.8H19.78V28.34C19.78 28.34 19.64 28.34 19.63 28.34C19.61 28.32 19.61 27.92 19.61 27.86H19.46V27.55C19.46 27.55 19.32 27.55 19.31 27.55C19.28 27.52 19.31 27.11 19.29 27.09C19.29 27.09 19.17 27.09 19.14 27.09V26.46C19.14 26.46 19 26.46 18.99 26.46C18.97 26.44 18.99 26.1 18.97 26.06C18.97 26.02 18.84 26.01 18.83 25.97C18.8 25.88 18.85 25.69 18.85 25.6C18.85 25.54 18.82 25.42 18.81 25.36C18.81 25.21 18.81 25.05 18.81 24.9C18.81 24.84 18.85 24.73 18.85 24.66C18.85 24.46 18.81 24.24 18.83 24.03C18.83 23.99 18.84 23.8 18.85 23.79C18.85 23.79 18.95 23.79 18.98 23.79V23.03C18.98 22.97 19.14 23.03 19.15 23.02C19.15 23 19.15 22.85 19.15 22.85H19.63L19.61 20.99C19.61 20.99 19.47 20.99 19.46 20.99C19.44 20.97 19.46 20.48 19.46 20.41C19.46 20.38 19.47 20.2 19.48 20.19C19.48 20.19 19.58 20.19 19.61 20.19L19.63 19.4H19.78V18.77C19.78 18.77 19.92 18.77 19.93 18.77C19.95 18.75 19.93 18.34 19.95 18.31C19.95 18.31 20.07 18.31 20.1 18.31V17.83C20.1 17.83 20.24 17.83 20.25 17.83C20.27 17.81 20.25 17.4 20.27 17.37C20.27 17.37 20.39 17.37 20.42 17.37V17.07C20.42 17.07 20.56 17.04 20.57 17.04C20.59 17.02 20.57 16.6 20.59 16.58C20.59 16.58 20.73 16.58 20.74 16.58C20.75 16.57 20.73 16.35 20.74 16.3C20.76 16.24 20.87 16.28 20.88 16.27C20.89 16.26 20.88 15.97 20.9 15.96C20.9 15.96 21.04 15.96 21.05 15.96C21.06 15.95 21.05 15.69 21.07 15.67C21.07 15.66 21.18 15.66 21.19 15.64C21.21 15.62 21.17 15.51 21.21 15.48C21.24 15.46 21.36 15.48 21.36 15.48V15.19C21.36 15.19 21.5 15.19 21.51 15.19C21.52 15.18 21.51 14.89 21.53 14.88C21.53 14.88 21.67 14.88 21.68 14.88C21.68 14.88 21.68 14.72 21.68 14.71C21.68 14.71 21.82 14.71 21.83 14.71C21.86 14.68 21.75 14.49 22 14.54V14.25C22.24 14.3 22.14 14.11 22.17 14.08C22.17 14.08 22.31 14.08 22.32 14.08C22.32 14.08 22.32 13.94 22.32 13.93C22.33 13.92 22.59 13.91 22.63 13.91V13.62C22.87 13.67 22.77 13.48 22.8 13.45C22.8 13.45 22.94 13.45 22.95 13.45C22.95 13.45 22.95 13.31 22.95 13.3C22.95 13.3 23.06 13.31 23.1 13.3C23.14 13.27 23.1 13.15 23.12 13.14C23.12 13.14 23.26 13.14 23.27 13.14C23.28 13.14 23.27 12.98 23.27 12.97C23.27 12.97 23.41 12.97 23.42 12.97C23.43 12.97 23.42 12.83 23.42 12.82C23.42 12.82 23.58 12.82 23.59 12.82C23.59 12.82 23.59 12.66 23.59 12.65C23.59 12.65 23.73 12.65 23.74 12.65C23.74 12.65 23.74 12.51 23.74 12.5C23.74 12.49 23.9 12.5 23.91 12.5C23.91 12.5 23.9 12.39 23.91 12.35C23.94 12.31 24.06 12.35 24.07 12.33C24.07 12.33 24.07 12.19 24.07 12.18C24.07 12.17 24.21 12.18 24.22 12.18C24.22 12.18 24.22 12.04 24.22 12.03C24.23 12.02 24.52 12.03 24.53 12.01C24.53 12.01 24.53 11.87 24.53 11.86C24.53 11.85 24.69 11.86 24.7 11.86C24.7 11.86 24.7 11.72 24.7 11.71C24.71 11.7 24.98 11.7 24.99 11.69C24.99 11.69 24.99 11.55 24.99 11.54C24.99 11.54 25.15 11.54 25.16 11.54C25.16 11.54 25.16 11.4 25.16 11.39C25.17 11.38 25.46 11.39 25.47 11.37C25.47 11.37 25.47 11.25 25.47 11.22H25.78C25.7 10.94 26.05 11.1 26.09 11.05C26.09 11.05 26.09 10.93 26.09 10.9H26.4C26.4 10.9 26.4 10.76 26.4 10.75C26.41 10.74 26.7 10.75 26.71 10.73C26.71 10.73 26.7 10.58 26.74 10.58H27.19C27.19 10.58 27.19 10.44 27.19 10.43C27.22 10.4 27.63 10.43 27.65 10.41C27.65 10.41 27.65 10.29 27.65 10.26H28.28V10.11L29.07 10.09V9.94H32.2V10.09L33.14 10.11V10.26L33.91 10.28C33.91 10.28 33.91 10.4 33.91 10.41C33.93 10.43 34.32 10.41 34.39 10.43V10.58H34.84C34.84 10.58 34.87 10.72 34.87 10.73C34.88 10.74 35.15 10.71 35.18 10.75C35.19 10.76 35.18 10.89 35.18 10.89H35.49C35.49 10.89 35.49 11.03 35.49 11.04C35.51 11.06 35.92 11.04 35.95 11.06C35.95 11.06 35.95 11.18 35.95 11.21H36.26C36.23 11.45 36.33 11.31 36.41 11.37C36.44 11.39 36.43 11.49 36.43 11.53H36.74C36.74 11.53 36.74 11.67 36.74 11.68C36.75 11.69 37.02 11.69 37.03 11.7C37.03 11.7 37.03 11.84 37.03 11.85C37.03 11.85 37.19 11.85 37.2 11.85C37.2 11.85 37.2 11.99 37.2 12C37.2 12 37.36 12 37.37 12C37.37 12 37.37 12.14 37.37 12.17H37.68C37.68 12.17 37.68 12.31 37.68 12.32C37.68 12.32 37.82 12.32 37.83 12.32C37.83 12.32 37.83 12.48 37.83 12.49C37.83 12.5 37.99 12.49 38 12.49C38 12.49 38 12.63 38 12.64C38.01 12.65 38.13 12.62 38.16 12.66C38.18 12.69 38.16 12.8 38.16 12.81C38.16 12.81 38.3 12.81 38.31 12.81C38.31 12.81 38.31 12.95 38.31 12.96C38.32 12.97 38.44 12.94 38.47 12.98C38.49 13.01 38.47 13.12 38.47 13.13C38.47 13.13 38.61 13.13 38.62 13.13C38.62 13.13 38.62 13.27 38.62 13.28C38.62 13.28 38.73 13.27 38.77 13.28C38.81 13.31 38.77 13.43 38.79 13.44C38.79 13.44 38.93 13.44 38.94 13.44C38.94 13.44 38.94 13.6 38.94 13.61C38.94 13.61 39.08 13.61 39.09 13.61C39.1 13.62 39.1 13.89 39.11 13.9C39.11 13.9 39.25 13.9 39.26 13.9C39.26 13.9 39.26 14.06 39.26 14.07C39.26 14.07 39.4 14.07 39.41 14.07C39.42 14.08 39.42 14.34 39.43 14.38H39.72C39.72 14.38 39.66 14.62 39.89 14.55V14.84C39.89 14.84 40.01 14.83 40.04 14.84C40.08 14.87 40.04 14.99 40.06 15C40.06 15 40.2 15 40.21 15C40.22 15 40.21 15.16 40.21 15.17C40.21 15.17 40.35 15.17 40.36 15.17C40.36 15.17 40.35 15.28 40.36 15.32C40.39 15.36 40.49 15.33 40.5 15.34C40.53 15.37 40.5 15.78 40.52 15.8C40.52 15.8 40.66 15.8 40.67 15.8C40.68 15.81 40.68 16.08 40.69 16.09C40.69 16.09 40.83 16.09 40.84 16.09C40.84 16.09 40.84 16.25 40.84 16.26C40.84 16.26 40.98 16.26 40.99 16.26C41 16.27 40.99 16.56 41.01 16.57C41.01 16.57 41.13 16.57 41.16 16.57V16.88C41.16 16.88 41.3 16.88 41.31 16.88C41.32 16.89 41.31 17.2 41.33 17.21C41.33 17.21 41.45 17.21 41.46 17.21C41.48 17.23 41.48 17.61 41.48 17.67C41.51 17.67 41.62 17.67 41.63 17.67C41.66 17.7 41.63 18.11 41.65 18.13C41.65 18.13 41.77 18.13 41.8 18.13V18.61C41.8 18.61 41.94 18.61 41.95 18.61C41.97 18.63 41.97 19.16 41.97 19.24H42.12V20.01H42.41C42.36 19.77 42.55 19.87 42.58 19.84C42.58 19.84 42.58 19.7 42.58 19.69C42.58 19.69 42.72 19.69 42.73 19.69C42.73 19.69 42.72 19.58 42.73 19.54C42.76 19.5 42.88 19.54 42.89 19.52C42.89 19.52 42.89 19.38 42.89 19.37C42.89 19.37 43.05 19.37 43.06 19.37C43.06 19.37 43.06 19.51 43.06 19.52C43.07 19.53 43.19 19.5 43.22 19.54C43.28 19.62 43.13 19.72 43.38 19.69V20.63C43.38 20.63 43.52 20.63 43.53 20.63C43.54 20.64 43.53 20.93 43.55 20.94C43.55 20.94 43.67 20.94 43.7 20.94L43.72 22.03H43.85V22.68H43.7C43.7 22.68 43.71 22.98 43.7 22.99C43.7 22.99 43.56 22.99 43.55 22.99C43.53 23.01 43.56 23.41 43.53 23.45C43.52 23.47 43.39 23.47 43.39 23.47V24.1H43.24L43.22 25.33H43.07V25.98H42.92C42.92 26.05 42.92 26.56 42.9 26.59C42.9 26.59 42.78 26.59 42.75 26.59V26.9C42.75 26.9 42.61 26.9 42.6 26.9C42.58 26.92 42.6 27.33 42.58 27.36C42.58 27.36 42.44 27.36 42.43 27.36C42.43 27.36 42.43 27.54 42.43 27.55C42.43 27.55 42.29 27.55 42.28 27.55C42.27 27.55 42.28 27.69 42.28 27.7C42.28 27.7 42.14 27.7 42.11 27.7V28.81H42.26V29.27H42.11V30.04C42.11 30.04 41.97 30.04 41.96 30.04C41.94 30.06 41.96 30.5 41.94 30.52C41.94 30.52 41.82 30.52 41.79 30.52V30.82C41.79 30.82 41.65 30.85 41.64 30.85C41.62 30.87 41.64 31.29 41.62 31.31C41.62 31.31 41.5 31.31 41.47 31.31V31.62C41.47 31.62 41.33 31.62 41.32 31.62C41.31 31.63 41.32 31.92 41.3 31.93C41.3 31.93 41.18 31.93 41.15 31.93V32.38C41.15 32.38 41.03 32.41 41 32.41C41 32.48 41 32.99 40.98 33.02C40.98 33.02 40.84 33.02 40.83 33.02C40.81 33.04 40.83 33.5 40.81 33.61C40.81 33.65 40.69 33.64 40.69 33.65C40.68 33.66 40.68 33.95 40.67 33.96C40.67 33.96 40.53 33.96 40.52 33.96C40.52 33.96 40.52 34.12 40.52 34.13C40.52 34.13 40.38 34.13 40.37 34.13C40.35 34.15 40.37 34.57 40.35 34.59C40.35 34.59 40.23 34.59 40.2 34.59C40.2 34.67 40.2 35.19 40.18 35.22C40.18 35.22 40.06 35.22 40.05 35.22C40.04 35.23 40.07 35.35 40.03 35.38C40 35.4 39.88 35.38 39.88 35.38V35.99H39.73C39.73 36.07 39.73 36.62 39.71 36.64C39.71 36.64 39.59 36.64 39.56 36.64V37.86C39.56 37.86 39.44 37.89 39.41 37.89C39.39 37.97 39.41 38.48 39.39 38.5C39.39 38.5 39.27 38.5 39.24 38.5V39.31C39.24 39.37 39.15 39.38 39.14 39.39C39.13 39.4 39.14 39.43 39.12 39.45C39.08 39.48 38.93 39.46 38.92 39.47V39.6C38.92 39.6 39.06 39.6 39.07 39.6C39.08 39.61 39.09 39.94 39.09 39.99C39.09 40.03 39.08 40.24 39.07 40.25C39.07 40.25 38.95 40.25 38.92 40.25C38.92 40.31 38.92 40.69 38.9 40.71C38.9 40.71 38.78 40.71 38.77 40.71C38.75 40.73 38.77 41.12 38.75 41.19H38.6C38.6 41.27 38.6 41.79 38.58 41.82C38.58 41.82 38.46 41.82 38.45 41.82C38.43 41.84 38.45 42.27 38.43 42.3C38.43 42.3 38.31 42.3 38.28 42.3V42.93H38.13V43.38C38.13 43.38 37.97 43.41 37.96 43.41C37.95 43.42 37.98 43.66 37.96 43.7C37.93 43.74 37.83 43.71 37.82 43.72C37.8 43.74 37.82 44.16 37.8 44.18C37.8 44.18 37.68 44.18 37.65 44.18V44.64C37.65 44.64 37.51 44.64 37.5 44.64C37.48 44.66 37.5 45.1 37.48 45.12C37.48 45.12 37.36 45.12 37.33 45.12V45.43C37.33 45.43 37.19 45.43 37.18 45.43C37.18 45.43 37.18 45.54 37.18 45.65H60.77V30.43H45.55C53.96 30.43 60.77 23.62 60.77 15.21L60.88 15.22Z"/>
<path d="M45.6609 63.47H60.8809C60.8809 55.07 54.0709 48.25 45.6609 48.25H36.6609C36.6609 48.32 36.6609 48.39 36.6509 48.4C36.6509 48.4 36.5309 48.4 36.5009 48.4V48.71C36.2609 48.68 36.4009 48.78 36.3409 48.86C36.3209 48.89 36.2209 48.88 36.1809 48.88V49.96C36.1809 49.96 36.0409 49.99 36.0309 49.99C36.0009 50.02 36.0309 50.43 36.0109 50.45C36.0109 50.45 35.8909 50.45 35.8609 50.45C35.8609 50.53 35.8609 51.03 35.8409 51.06C35.8409 51.06 35.7409 51.06 35.7109 51.06L35.6909 52.17H35.5409V52.63H35.6909V53.11H35.5409V53.59C35.5409 53.59 35.6809 53.59 35.6909 53.59C35.7109 53.61 35.6909 54.03 35.7109 54.05C35.7109 54.05 35.8309 54.05 35.8609 54.05V54.82H36.0109L36.0309 55.61H36.1809V58.43C36.1809 58.43 36.3209 58.43 36.3309 58.43C36.3409 58.44 36.3309 58.73 36.3509 58.74C36.3509 58.74 36.4709 58.74 36.5009 58.74V59.05C36.5009 59.05 36.6409 59.05 36.6509 59.05C36.6609 59.06 36.6509 59.35 36.6709 59.36C36.6709 59.36 36.7909 59.36 36.8209 59.36V59.67C36.8209 59.67 36.9609 59.67 36.9709 59.67C36.9709 59.67 36.9809 59.8 36.9909 59.81C37.0109 59.82 37.1009 59.79 37.1209 59.83C37.1409 59.86 37.1209 59.97 37.1209 59.98C37.1209 59.98 37.2609 59.98 37.2709 59.98C37.3009 60.01 37.1909 60.2 37.4409 60.15V60.44C37.6809 60.39 37.5809 60.58 37.6109 60.61C37.6109 60.61 37.7509 60.61 37.7609 60.61C37.7609 60.61 37.7609 60.75 37.7609 60.76C37.7609 60.76 37.8709 60.75 37.9109 60.76C37.9509 60.79 37.9109 60.91 37.9309 60.92C37.9309 60.92 38.0709 60.92 38.0809 60.92C38.0809 60.92 38.0809 61.08 38.0809 61.09C38.0809 61.09 38.2209 61.09 38.2309 61.09C38.2609 61.12 38.2309 61.53 38.2509 61.55C38.2509 61.55 38.3709 61.55 38.4009 61.55V62.01C38.4009 62.01 38.5409 62.01 38.5509 62.01C38.5809 62.04 38.5509 62.47 38.5709 62.49C38.5709 62.49 38.6909 62.49 38.7209 62.49V62.97C38.7209 62.97 38.8609 62.97 38.8709 62.97C38.9009 63 38.8709 63.41 38.8909 63.43C38.8909 63.43 39.0009 63.41 39.0309 63.45C39.0509 63.48 39.0309 63.59 39.0309 63.6C39.0309 63.6 39.1709 63.6 39.1809 63.6C39.1909 63.61 39.1909 63.88 39.2009 63.89C39.2109 63.9 39.3209 63.86 39.3409 63.92C39.3609 63.97 39.3409 64.19 39.3409 64.2C39.3409 64.2 39.4509 64.19 39.4909 64.2C39.5309 64.23 39.4909 64.35 39.5109 64.36C39.5109 64.36 39.6209 64.34 39.6509 64.38C39.6809 64.42 39.6509 64.66 39.6509 64.67C39.6509 64.67 39.7909 64.67 39.8009 64.67C39.8109 64.68 39.8009 64.97 39.8209 64.98C39.8209 64.98 39.9409 64.98 39.9709 64.98V65.29C39.9709 65.29 40.1109 65.29 40.1209 65.29C40.1309 65.3 40.1209 65.59 40.1409 65.6C40.1409 65.6 40.2809 65.6 40.2909 65.6C40.3009 65.6 40.2909 65.76 40.2909 65.77C40.2909 65.77 40.4309 65.77 40.4409 65.77C40.4509 65.78 40.4409 66.07 40.4609 66.08C40.4609 66.08 40.5809 66.08 40.6109 66.08V66.39C40.6109 66.39 40.7509 66.39 40.7609 66.39C40.7709 66.4 40.7609 66.69 40.7809 66.7C40.7809 66.7 40.9009 66.7 40.9309 66.7V67.16C40.9309 67.16 41.0709 67.16 41.0809 67.16C41.0909 67.17 41.0809 67.46 41.1009 67.47C41.1009 67.47 41.2209 67.47 41.2509 67.47V67.78C41.2509 67.78 41.3909 67.78 41.4009 67.78C41.4209 67.8 41.4009 68.22 41.4209 68.24C41.4209 68.24 41.5409 68.24 41.5709 68.24V68.57C41.5709 68.57 41.7109 68.57 41.7209 68.57C41.7509 68.6 41.7209 69.01 41.7409 69.03C41.7409 69.03 41.8609 69.03 41.8909 69.03V69.36C41.8909 69.36 42.0309 69.36 42.0409 69.36C42.0709 69.39 42.0409 69.8 42.0609 69.82C42.0609 69.82 42.1809 69.82 42.2109 69.82V70.11C42.2109 70.11 42.3309 70.1 42.3609 70.11C42.3909 70.13 42.3909 70.6 42.3809 70.68C42.3809 70.72 42.3709 70.91 42.3609 70.92C42.3609 70.92 42.2209 70.92 42.2109 70.92C42.2109 70.92 42.2109 71.04 42.2109 71.07L41.1009 71.09V71.22H24.0809C24.0809 71.22 24.0809 71.1 24.0809 71.09C24.0609 71.07 23.6809 71.09 23.6109 71.09C23.5609 71.09 23.5109 71.07 23.4709 71.07C22.0309 71.03 20.5909 71.1 19.1509 71.07C19.1409 71.03 19.1509 70.77 19.1309 70.76C19.1309 70.76 19.0109 70.76 18.9809 70.76C18.9809 70.68 18.9809 70.16 19.0009 70.13C19.0009 70.13 19.1209 70.13 19.1309 70.13C19.1409 70.12 19.1309 69.83 19.1509 69.82C19.1509 69.82 19.2709 69.82 19.3009 69.82V69.52C19.3009 69.52 19.4209 69.49 19.4509 69.49C19.4509 69.42 19.4509 68.91 19.4709 68.88C19.4709 68.88 19.5909 68.88 19.6209 68.88C19.6209 68.82 19.6209 68.44 19.6409 68.42C19.6409 68.42 19.7609 68.42 19.7709 68.42C19.7809 68.41 19.7609 68.12 19.7909 68.09C19.8009 68.08 19.9409 68.09 19.9409 68.09V67.63H20.0909V67.33C20.0909 67.28 20.2609 67.31 20.2609 67.3V66.69C20.2609 66.69 20.4009 66.69 20.4109 66.69C20.4209 66.68 20.4109 66.39 20.4309 66.38C20.4309 66.38 20.5509 66.38 20.5809 66.38V66.07C20.5809 66.07 20.7209 66.07 20.7309 66.07C20.7309 66.07 20.7309 65.91 20.7309 65.9C20.7309 65.9 20.8709 65.9 20.9009 65.9V65.59C20.9009 65.59 21.0409 65.59 21.0509 65.59C21.0609 65.58 21.0309 65.46 21.0709 65.43C21.1009 65.41 21.2109 65.43 21.2209 65.43C21.2309 65.42 21.2309 65.15 21.2409 65.14C21.2409 65.14 21.3509 65.16 21.3809 65.12C21.4409 65.04 21.2909 64.94 21.5409 64.97V64.66C21.5409 64.66 21.6809 64.66 21.6909 64.66C21.7009 64.65 21.6909 64.36 21.7109 64.35C21.7109 64.35 21.8509 64.35 21.8609 64.35C21.8709 64.34 21.8409 64.1 21.8609 64.06C21.8909 64.02 21.9909 64.05 22.0009 64.04C22.0109 64.04 21.9809 63.91 22.0209 63.88C22.0509 63.86 22.1709 63.88 22.1709 63.88V63.59L22.4809 63.57V62.97C22.4809 62.97 22.6209 62.94 22.6309 62.94C22.6509 62.92 22.6309 62.51 22.6509 62.48C22.6509 62.48 22.7709 62.48 22.8009 62.48V61.88C22.8009 61.88 22.9409 61.85 22.9509 61.85C22.9709 61.83 22.9509 61.42 22.9709 61.39C22.9709 61.39 23.1109 61.39 23.1209 61.39C23.1409 61.37 23.1209 61 23.1409 60.93C23.3509 60.98 23.2609 60.79 23.2909 60.76C23.2909 60.76 23.4309 60.76 23.4409 60.76C23.4509 60.75 23.4409 60.46 23.4609 60.45C23.4609 60.45 23.5809 60.45 23.5909 60.45C23.6009 60.44 23.5909 60.13 23.6109 60.12C23.6109 60.12 23.7509 60.12 23.7609 60.12C23.7709 60.11 23.7409 59.87 23.7609 59.83C23.7909 59.79 23.8909 59.82 23.9009 59.81C23.9309 59.78 23.9009 59.13 23.9209 59.04H24.0709C24.0709 58.96 24.0709 58.46 24.0909 58.43C24.0909 58.43 24.2109 58.43 24.2209 58.43C24.2309 58.42 24.2209 58.11 24.2409 58.1C24.2409 58.1 24.3609 58.1 24.3909 58.1C24.3909 58.02 24.3909 57.5 24.4109 57.47C24.4109 57.47 24.5309 57.47 24.5409 57.47C24.5609 57.45 24.5409 57.04 24.5609 57.01C24.5609 57.01 24.6809 57.01 24.7109 57.01V56.22H24.8609V55.59C24.8609 55.59 25.0209 55.59 25.0309 55.59C25.0309 55.59 25.0309 55.43 25.0309 55.42C25.0309 55.42 25.1509 55.42 25.1809 55.42V54.02H25.0309V53.73C25.0309 53.73 24.8909 53.73 24.8809 53.73C24.8809 53.73 24.8609 53.53 24.8609 53.49C24.8509 53.28 24.8709 53.07 24.8809 52.86C24.8809 52.78 24.8509 52.47 24.9109 52.45C24.9409 52.45 25.0209 52.45 25.0209 52.45V50.73H24.8709L24.8509 49.64C24.8509 49.64 24.7009 49.64 24.7009 49.61V48.22H15.3509C6.94086 48.22 0.130859 55.03 0.130859 63.44V78.66C0.130859 87.06 6.94086 93.88 15.3509 93.88H45.7909C54.2009 93.88 61.0109 87.07 61.0109 78.66C61.0109 70.25 54.2009 63.44 45.7909 63.44L45.6609 63.47ZM24.0209 78.07H20.6909V79.87H23.3709L22.6709 81.81H20.6909V85.02H17.9509V76.15H24.7209L24.0209 78.08V78.07ZM28.3009 85.01H25.5609V76.14H28.3009V85.01ZM32.9309 81.81V85.01H30.1909V76.14H36.9609L36.2609 78.07H32.9309V79.87H35.6109L34.9109 81.81H32.9309ZM42.0409 85.01L41.6809 83.82H38.5809L38.2409 85.01H35.5409L38.7509 76.14H41.6009L44.8109 85.01H42.0409Z"/>
</g>
</svg>
